0.0261248185776, 
0.0263062409289, 
0.0694847605225, 
0.0696661828737, 
0.112844702467, 
0.113026124819, 
0.156204644412, 
0.156386066763, 
0.199564586357, 
0.199746008708, 
0.242924528302, 
0.243105950653, 
0.286284470247, 
0.286465892598, 
0.329644412192, 
0.329825834543, 
0.373004354136, 
0.373185776488, 
0.416364296081, 
0.416545718433, 
0.459724238026, 
0.459905660377, 
0.503084179971, 
0.503265602322, 
0.546444121916, 
0.546625544267, 
0.589804063861, 
0.589985486212, 
0.633164005806, 
0.633345428157, 
0.67652394775, 
0.676705370102, 
0.720065312046, 
0.720246734398, 
0.763425253991, 
0.763606676343, 
0.806785195936, 
0.806966618287, 
0.850145137881, 
0.850326560232, 
0.893505079826, 
0.893686502177, 
0.936865021771, 
0.937046444122, 
1.03066037736, 
1.03084179971, 
1.0740203193, 
1.07420174165, 
1.11738026125, 
1.1175616836, 
1.16074020319, 
1.16092162554, 
1.20410014514, 
1.20428156749, 
1.24746008708, 
1.24764150943, 
1.29082002903, 
1.29100145138, 
1.33417997097, 
1.33436139332, 
1.37753991292, 
1.37772133527, 
1.42089985486, 
1.42108127721, 
1.46425979681, 
1.46444121916, 
1.50761973875, 
1.5078011611, 
1.55116110305, 
1.5513425254, 
1.59452104499, 
1.59470246734, 
1.63788098694, 
1.63806240929, 
1.68124092888, 
1.68142235123, 
1.72460087083, 
1.72478229318, 
1.76796081277, 
1.76814223512, 
1.81132075472, 
1.81150217707, 
1.85468069666, 
1.85486211901, 
1.89804063861, 
1.89822206096, 
1.94140058055, 
1.9415820029, 
2.0007256894, 
2.00090711176, 
2.04408563135, 
2.0442670537, 
2.08744557329, 
2.08762699565, 
2.13080551524, 
2.13098693759, 
2.17416545718, 
2.17434687954, 
2.21752539913, 
2.21770682148, 
2.26088534107, 
2.26106676343, 
2.30424528302, 
2.30442670537, 
2.34778664731, 
2.34796806967, 
2.39114658926, 
2.39132801161, 
2.4345065312, 
2.43468795356, 
2.47786647315, 
2.4780478955, 
2.52122641509, 
2.52140783745, 
2.56458635704, 
2.56476777939, 
2.60794629898, 
2.60812772134, 
2.65130624093, 
2.65148766328, 
2.69466618287, 
2.69484760522, 
2.73802612482, 
2.73820754717, 
2.78138606676, 
2.78156748911, 
2.82474600871, 
2.82492743106, 
2.86810595065, 
2.868287373, 
2.9114658926, 
2.91164731495, 
2.95482583454, 
2.95500725689, 
3.00961538462, 
3.00979680697, 
3.05297532656, 
3.05315674891, 
3.09651669086, 
3.09669811321, 
3.1398766328, 
3.14005805515, 
3.18323657475, 
3.1834179971, 
3.22659651669, 
3.22677793904, 
3.26995645864, 
3.27013788099, 
3.31331640058, 
3.31349782293, 
3.35667634253, 
3.35685776488, 
3.40003628447, 
3.40021770682, 
3.44339622642, 
3.44357764877, 
3.48675616836, 
3.48693759071, 
3.5301161103, 
3.53029753266, 
3.57347605225, 
3.5736574746, 
3.61683599419, 
3.61701741655, 
3.66019593614, 
3.66037735849, 
3.70355587808, 
3.70373730044, 
3.74691582003, 
3.74709724238, 
3.79027576197, 
3.79045718433, 
3.83363570392, 
3.83381712627, 
3.87699564586, 
3.87717706821, 
3.92035558781, 
3.92053701016, 
3.96371552975, 
3.9638969521, 
4.01868650218, 
4.01886792453, 
4.06204644412, 
4.06222786647, 
4.10540638607, 
4.10558780842, 
4.14876632801, 
4.14894775036, 
4.19212626996, 
4.19230769231, 
4.2354862119, 
4.23566763425, 
4.27884615385, 
4.2790275762, 
4.32220609579, 
4.32238751814, 
4.36556603774, 
4.36574746009, 
4.40892597968, 
4.40910740203, 
4.45228592163, 
4.45246734398, 
4.49564586357, 
4.49582728592, 
4.53900580552, 
4.53918722787, 
4.58236574746, 
4.58254716981, 
4.6257256894, 
4.62590711176, 
4.66908563135, 
4.6692670537, 
4.71244557329, 
4.71262699565, 
4.75580551524, 
4.75598693759, 
4.79934687954, 
4.79952830189, 
4.84270682148, 
4.84288824383, 
4.88606676343, 
4.88624818578, 
4.92942670537, 
4.92960812772, 
4.97278664731, 
4.97296806967, 
5.02775761974, 
5.02793904209, 
5.07111756168, 
5.07129898403, 
5.11447750363, 
5.11465892598, 
5.15783744557, 
5.15801886792, 
5.20119738752, 
5.20137880987, 
5.24455732946, 
5.24473875181, 
5.28791727141, 
5.28809869376, 
5.33127721335, 
5.3314586357, 
5.3746371553, 
5.37481857765, 
5.41799709724, 
5.41817851959, 
5.46135703919, 
5.46153846154, 
5.50471698113, 
5.50489840348, 
5.54807692308, 
5.54825834543, 
5.59161828737, 
5.59179970972, 
5.63497822932, 
5.63515965167, 
5.67833817126, 
5.67851959361, 
5.72169811321, 
5.72187953556, 
5.76505805515, 
5.7652394775, 
5.8084179971, 
5.80859941945, 
5.85177793904, 
5.85195936139, 
5.89513788099, 
5.89531930334, 
5.93849782293, 
5.93867924528, 
6.04100145138, 
6.04118287373, 
6.08436139332, 
6.08454281567, 
6.12772133527, 
6.12790275762, 
6.17108127721, 
6.17126269956, 
6.21444121916, 
6.21462264151, 
6.2578011611, 
6.25798258345, 
6.30116110305, 
6.3013425254, 
6.34452104499, 
6.34470246734, 
6.38806240929, 
6.38824383164, 
6.43142235123, 
6.43160377358, 
6.47478229318, 
6.47496371553, 
6.51814223512, 
6.51832365747, 
6.56150217707, 
6.56168359942, 
6.60486211901, 
6.60504354136, 
6.64822206096, 
6.64840348331, 
6.6915820029, 
6.69176342525, 
6.73494194485, 
6.7351233672, 
6.77830188679, 
6.77848330914, 
6.82166182874, 
6.82184325109, 
6.86502177068, 
6.86520319303, 
6.90838171263, 
6.90856313498, 
6.95174165457, 
6.95192307692, 
7.00217706821, 
7.00235849057, 
7.04553701016, 
7.04571843251, 
7.0888969521, 
7.08907837446, 
7.1324383164, 
7.13261973875, 
7.17579825835, 
7.1759796807, 
7.21915820029, 
7.21933962264, 
7.26251814224, 
7.26269956459, 
7.30587808418, 
7.30605950653, 
7.34923802612, 
7.34941944848, 
7.39259796807, 
7.39277939042, 
7.43595791001, 
7.43613933237, 
7.47931785196, 
7.47949927431, 
7.5226777939, 
7.52285921626, 
7.56603773585, 
7.5662191582, 
7.60939767779, 
7.60957910015, 
7.65275761974, 
7.65293904209, 
7.69611756168, 
7.69629898403, 
7.73947750363, 
7.73965892598, 
7.78283744557, 
7.78301886792, 
7.82619738752, 
7.82637880987, 
7.86955732946, 
7.86973875181, 
7.91291727141, 
7.91309869376, 
7.95627721335, 
7.9564586357, 
8.0070754717, 
8.00725689405, 
8.05043541364, 
8.05061683599, 
8.09379535559, 
8.09397677794, 
8.13715529753, 
8.13733671988, 
8.18051523948, 
8.18069666183, 
8.22387518142, 
8.22405660377, 
8.26723512337, 
8.26741654572, 
8.31059506531, 
8.31077648766, 
8.35395500726, 
8.35413642961, 
8.3973149492, 
8.39749637155, 
8.44067489115, 
8.4408563135, 
8.48403483309, 
8.48421625544, 
8.52739477504, 
8.52757619739, 
8.57075471698, 
8.57093613933, 
8.61411465893, 
8.61429608128, 
8.65747460087, 
8.65765602322, 
8.70083454282, 
8.70101596517, 
8.74419448476, 
8.74437590711, 
8.78755442671, 
8.78773584906, 
8.831095791, 
8.83127721335, 
8.87445573295, 
8.8746371553, 
8.91781567489, 
8.91799709724, 
8.96117561684, 
8.96135703919, 
9.02031930334, 
9.02050072569, 
9.06367924528, 
9.06386066763, 
9.10703918723, 
9.10722060958, 
9.15039912917, 
9.15058055152, 
9.19375907112, 
9.19394049347, 
9.23711901306, 
9.23730043541, 
9.28047895501, 
9.28066037736, 
9.32383889695, 
9.3240203193, 
9.3671988389, 
9.36738026125, 
9.41055878084, 
9.41074020319, 
9.45391872279, 
9.45410014514, 
9.49727866473, 
9.49746008708, 
9.54063860668, 
9.54082002903, 
9.58399854862, 
9.58417997097, 
9.62753991292, 
9.62772133527, 
9.67089985486, 
9.67108127721, 
9.71425979681, 
9.71444121916, 
9.75761973875, 
9.7578011611, 
9.8009796807, 
9.80116110305, 
9.84433962264, 
9.84452104499, 
9.88769956459, 
9.88788098694, 
9.93105950653, 
9.93124092888, 
9.97441944848, 
9.97460087083, 
10.0337445573, 
10.0339259797, 
10.0771044993, 
10.0772859216, 
10.1204644412, 
10.1206458636, 
10.1638243832, 
10.1640058055, 
10.2071843251, 
10.2073657475, 
10.2505442671, 
10.2507256894, 
10.293904209, 
10.2940856313, 
10.3372641509, 
10.3374455733, 
10.3806240929, 
10.3808055152, 
10.4241654572, 
10.4243468795, 
10.4675253991, 
10.4677068215, 
10.5108853411, 
10.5110667634, 
10.554245283, 
10.5544267054, 
10.597605225, 
10.5977866473, 
10.6409651669, 
10.6411465893, 
10.6843251089, 
10.6845065312, 
10.7276850508, 
10.7278664731, 
10.7710449927, 
10.7712264151, 
10.8144049347, 
10.814586357, 
10.8577648766, 
10.857946299, 
10.9011248186, 
10.9013062409, 
10.9444847605, 
10.9446661829, 
11.0079825835, 
11.0081640058, 
11.0513425254, 
11.0515239478, 
11.0947024673, 
11.0948838897, 
11.1380624093, 
11.1382438316, 
11.1814223512, 
11.1816037736, 
11.2247822932, 
11.2249637155, 
11.2683236575, 
11.2685050798, 
11.3116835994, 
11.3118650218, 
11.3550435414, 
11.3552249637, 
11.3984034833, 
11.3985849057, 
11.4417634253, 
11.4419448476, 
11.4851233672, 
11.4853047896, 
11.5284833091, 
11.5286647315, 
11.5718432511, 
11.5720246734, 
11.615203193, 
11.6153846154, 
11.658563135, 
11.6587445573, 
11.7019230769, 
11.7021044993, 
11.7452830189, 
11.7454644412, 
11.7886429608, 
11.7888243832, 
11.8320029028, 
11.8321843251, 
11.8753628447, 
11.8755442671, 
11.9187227866, 
11.918904209, 
11.9620827286, 
11.9622641509, 
