16711680
16449540
16252935
16056330
15859725
15663120
15400980
15204375
15007770
14811165
14614560
14352420
14155815
13959210
13762605
13566000
13303860
13107255
12910650
12714045
12517440
12255300
12058695
11862090
11665485
11468880
11206740
11010135
10813530
10616925
10420320
10158180
9961575
9764970
9568365
9371760
9109620
8913015
8716410
8519805
8323200
8061060
7864455
7667850
7471245
7274640
7012500
6815895
6619290
6422685
6226080
5963940
5767335
5570730
5374125
5177520
4915380
4718775
4522170
4325565
4128960
3866820
3670215
3473610
3277005
3080400
2818260
2621655
2425050
2228445
2031840
1769700
1573095
1376490
1179885
983280
721140
524535
327930
131325
